seq_id,FastSpin-LT-1-1,FastSpin-LT-2-1,FastSpin-LT-2-2,FastSpin-LT-2-3,FastSpin-LT-3-1,FastSpin-LT-3-2,FastSpin-LT-3-3,FastSpin-LT-4-2,FastSpin-LT-4-3,FastSpin-LT-5-1,FastSpin-LT-5-2,FastSpin-LT-5-3,PowerSoil-LT-1-1,PowerSoil-LT-1-2,PowerSoil-LT-1-3,PowerSoil-LT-2-1,PowerSoil-LT-2-2,PowerSoil-LT-2-3,PowerSoil-LT-3-1,PowerSoil-LT-3-2,PowerSoil-LT-3-3,PowerSoil-LT-4-1,PowerSoil-LT-4-2,PowerSoil-LT-4-3,PowerSoil-LT-5-1,PowerSoil-LT-5-2,PowerSoil-LT-5-3,ZymoMagbead-HT-1-2,ZymoMagbead-HT-2-1,ZymoMagbead-HT-2-2,ZymoMagbead-HT-2-3,ZymoMagbead-HT-3-1,ZymoMagbead-HT-3-2,ZymoMagbead-HT-3-3,ZymoMagbead-HT-4-1,ZymoMagbead-HT-4-2,ZymoMagbead-HT-4-3,ZymoMagbead-HT-5-1,ZymoMagbead-HT-5-2,ZymoMagbead-HT-5-3,PowerSoil-Pro-HT-1-1,PowerSoil-Pro-HT-1-2,PowerSoil-Pro-HT-1-3,PowerSoil-Pro-HT-2-1,PowerSoil-Pro-HT-2-2,PowerSoil-Pro-HT-2-3,PowerSoil-Pro-HT-3-2,PowerSoil-Pro-HT-3-3,PowerSoil-Pro-HT-4-1,PowerSoil-Pro-HT-4-2,PowerSoil-Pro-HT-4-3,PowerSoil-Pro-HT-5-1,PowerSoil-Pro-HT-5-2,PowerSoil-Pro-HT-5-3,FastSpin-HT-1-1,FastSpin-HT-1-2,FastSpin-HT-1-3,FastSpin-HT-2-1,FastSpin-HT-2-2,FastSpin-HT-2-3,FastSpin-HT-3-1,FastSpin-HT-3-2,FastSpin-HT-4-1,FastSpin-HT-4-2,FastSpin-HT-4-3,FastSpin-HT-5-1,FastSpin-HT-5-2,FastSpin-HT-5-3
FastSpin-LT-1-1,0,0.47807480776454236,0.47884036559007803,0.4809192420163835,0.49758773040236687,0.4977032919587005,0.49379785991784586,0.691470990199386,0.6905661076919857,0.9766806102654976,0.9707161915773518,0.9718316355240626,0.18617833489607707,0.18098138916318704,0.18383293784173027,0.4981352918046461,0.5009642783971955,0.4937914794969662,0.5262886116364048,0.5493659484621893,0.5171851117270413,0.6870420041958705,0.6860310104628022,0.6969631599700522,0.9804042265848701,0.9628757191679547,0.979165183726347,0.27458462673990897,0.5471756979645993,0.5698831159190059,0.5629255458897665,0.5667287288611148,0.5644290007438936,0.5686349201831986,0.709787941189268,0.7197220722307697,0.7057074319229572,0.9844267683775181,0.9750804615546954,0.9836107632718211,0.16688714807239052,0.17369762731003174,0.18150686058961826,0.4890040745394233,0.46912762214105375,0.47536438537208237,0.4806936498876055,0.4410584897574235,0.6801788879408192,0.675628639332773,0.6808138232923756,0.9741214004109385,0.9602557154090239,0.962567196871447,0.19301230992058643,0.21528970601537006,0.15829614612457715,0.48190368687700197,0.48611069205158125,0.4881999321231992,0.49358636371668285,0.49204322219646834,0.6941570821728741,0.7016250421408318,0.7199034093892078,0.9659770587995563,0.9677451079862065,0.9692659207049354
FastSpin-LT-2-1,0.47807480776454236,0,0.08277512843288146,0.07831811282709496,0.21809929107782586,0.2036105071616268,0.2003902301821418,0.8655905870608483,0.8612201027302198,0.9842948556426849,0.9791674061844179,0.9804711173335694,0.4191686144742059,0.41998282182364854,0.4290789045004336,0.10593061777354314,0.1305595672520155,0.11738742378365752,0.23275351673537906,0.2571233144138015,0.24320700526885838,0.8560579739793788,0.8547840165698796,0.8639208182794305,0.9870550341533981,0.9828878602948321,0.9894174821441246,0.4775749464041536,0.2208492241493168,0.2120666725314671,0.2181637743545039,0.29178244945262366,0.2959828825808722,0.2757495877144501,0.8683140193565637,0.878360421460003,0.8603182380043775,0.9844420428140592,0.9789829400076269,0.9849146955752858,0.45384341559444136,0.45409957212883295,0.4405054655650901,0.11817157580330671,0.10426793613025717,0.0889215908292448,0.19867324808747863,0.2419377939332515,0.8551780329743863,0.8430588479806448,0.8567361906953358,0.9874619367704123,0.9826515820796479,0.9790883308964374,0.4631943468496624,0.45377111635696676,0.4333895301214603,0.11949115475354767,0.12146122627930646,0.11517000482129808,0.21768238983553637,0.2055641533528104,0.8534337270989982,0.8621608966693534,0.8786293701864234,0.9790269115623877,0.9774317474757043,0.9838185818982834
FastSpin-LT-2-2,0.47884036559007803,0.08277512843288146,0,0.07610888463675848,0.2174932387229551,0.2000112461177558,0.20492972832349307,0.870609671650845,0.8663835516016594,0.9881433545270145,0.9799948146953384,0.9828394382894087,0.425444716666714,0.4202245159191135,0.42934824073120115,0.10447356961324586,0.12813992782516062,0.11222258640855019,0.23674603571409483,0.259445611712709,0.2416668455072239,0.8627774573305326,0.859823357188964,0.8711415521286168,0.987096377012493,0.9846026611986255,0.9896089958455523,0.4796040929042123,0.22069215572767054,0.21233392988854935,0.2159890369641822,0.2943022938570634,0.3009109194617296,0.27938854507517225,0.8752638333739444,0.8817230341939701,0.8633724052255715,0.9868546944946075,0.9816505691026419,0.9860608138766301,0.4510600747710501,0.45199108903744883,0.4398320011275111,0.12241729468033435,0.09798554855880878,0.08508607260910332,0.2005325909701073,0.2433626134110916,0.8591168231973075,0.8475194702634672,0.8631737119290761,0.9876308622116599,0.9843581976972259,0.9753718116318478,0.46129160128775426,0.4565188782776107,0.42978162167033745,0.11827154263010711,0.11809379330664847,0.10923177841231595,0.22193786568942953,0.2092655322446733,0.8558580885785855,0.8674072866315836,0.8820226857958748,0.9767073174073098,0.9764485747825504,0.981987622336574
FastSpin-LT-2-3,0.4809192420163835,0.07831811282709496,0.07610888463675848,0,0.21096307565318786,0.19410714418004216,0.20018402284151732,0.8708687999249529,0.8658138674809305,0.9855168250040615,0.978206083719016,0.9841535155937616,0.4223701057000411,0.41981808017753314,0.42841803951986396,0.09964053707919703,0.12446274609973744,0.10328835199712201,0.22372481191004653,0.24785205492261395,0.22767654473455715,0.861989348746493,0.8588597425830395,0.870313641333215,0.9871443573200703,0.983010146442982,0.9895035754489532,0.4739534943782732,0.21741374398759358,0.20454889176201088,0.2150188328769547,0.27869645889836886,0.2886954184992568,0.26523368775792705,0.8734409010085228,0.8817846463667269,0.8636782024845038,0.9828333594015244,0.9798623235819459,0.9854602786096622,0.4466404505830475,0.45031386799501694,0.4377481320072904,0.1259833900669334,0.10059671840286809,0.09233019995251698,0.19432303940775375,0.2380024803854912,0.8603447992363566,0.8487294046803807,0.8624033580813769,0.9897203301380145,0.9839041295062612,0.9784398092914476,0.45511224367133607,0.45715939253782484,0.43055891265569274,0.1158664544312703,0.12271609407346473,0.11845171592971387,0.21886148846323278,0.20314456525464888,0.8578191375797042,0.8673135173056684,0.8825266044032245,0.9781888883119381,0.9749745635523583,0.9803769469733074
FastSpin-LT-3-1,0.49758773040236687,0.21809929107782586,0.2174932387229551,0.21096307565318786,0,0.10674885596591728,0.12208138423396142,0.8681870252165673,0.8601124547328539,0.9858862021054005,0.9794479854759499,0.984667344146772,0.44766317199379335,0.4433898074877563,0.4452903672243553,0.19805878526185958,0.20670743757400384,0.2026606410953041,0.12667976490714636,0.1441508094542947,0.13577563630836062,0.8595464109942095,0.849846880322927,0.8623935415360574,0.988841804697787,0.9872613635833423,0.9925067291013324,0.49261733291148646,0.28291568437329007,0.2578412820229974,0.2770072298964711,0.18171645237172251,0.18266919971056195,0.16520199685826595,0.8658441427970704,0.8717874341787909,0.8571773469542614,0.9817243811867764,0.9778459070668294,0.9865802282294449,0.48070842706019534,0.478144673738444,0.4601480143429302,0.24119854880253963,0.22208003156556858,0.23205208642458136,0.12971962111840887,0.1697306525495341,0.8570571818238336,0.8458936725539987,0.8591068041857934,0.9906568665036015,0.9871298687680861,0.9784100054935504,0.4788353502112982,0.47684124086955076,0.46296080676818274,0.22802466198598081,0.25101570793299605,0.24320770775118283,0.12725738000722014,0.13326719839511267,0.8526992505007777,0.8652293692263014,0.8798570892403829,0.9794597659168635,0.9789899518572417,0.9855263953410034
FastSpin-LT-3-2,0.4977032919587005,0.2036105071616268,0.2000112461177558,0.19410714418004216,0.10674885596591728,0,0.10208189280228905,0.870452077358395,0.8634092755188573,0.9836595594740984,0.9753824427070484,0.9802426933925273,0.4491783588045731,0.44643845397394294,0.44960004350576943,0.18098144052141055,0.18424276642180087,0.1901652763600928,0.11167246930102102,0.12513520760240532,0.11149133862865926,0.8602641116612834,0.8557816550859583,0.8658121918309886,0.9877846834029461,0.9862475943631265,0.9909874853494041,0.48906971567518487,0.2518568895345509,0.23900674223358048,0.24014806094560995,0.15325931385601152,0.16146491638034102,0.1402348117217161,0.8678492440008719,0.8727842490662241,0.8585717530202508,0.9819617784262739,0.9779641445912182,0.9868297168737029,0.4834292580876608,0.4781324072761932,0.46218569691586175,0.2254668650081491,0.2125488556695103,0.21154922551750793,0.10263296906408309,0.1522685710415991,0.860132053083716,0.8485357331776024,0.8607280098427292,0.9864893225574453,0.9827525075686507,0.9759799655454519,0.47990282192574757,0.4749726987894176,0.4628329836837023,0.2204857177053122,0.2328248569280023,0.22936058499730047,0.1239483771243813,0.12783432432472822,0.8553531687774887,0.8669748182726287,0.8810127159001557,0.9784292126836482,0.9754883551303781,0.9818874476971581
FastSpin-LT-3-3,0.49379785991784586,0.2003902301821418,0.20492972832349307,0.20018402284151732,0.12208138423396142,0.10208189280228905,0,0.863761052539538,0.8561110795299126,0.9817028684171816,0.9745761455579116,0.9792783640118052,0.4326403122450889,0.4352374996867323,0.43874852419819377,0.1795282657407558,0.17812295072292897,0.1918055887420775,0.12151245261302561,0.13019775511660484,0.12371665726558125,0.8535961987740991,0.8460743985823386,0.8574891718429039,0.9885976796718917,0.9850965001863854,0.9902425457830957,0.4750898727090563,0.24452957944906178,0.2322084970652992,0.23701888578204602,0.15440009103891442,0.15266445410962942,0.1453175443333516,0.8592365579222572,0.8655766116315473,0.8503936569944995,0.9788480683725075,0.9768549123828839,0.9830369843297705,0.48650430874083356,0.4819236973026517,0.46588770533060014,0.2378714942310718,0.22425253914351415,0.22248157324423737,0.11987872496077132,0.1613982616101191,0.853591874365482,0.8404644553322577,0.8528793378427961,0.9848746750170252,0.9804399998015411,0.9779456169038073,0.48571923716603216,0.47431580815245716,0.46614499202661636,0.2380862841627527,0.24759893782991002,0.24419617717435968,0.1313967431970072,0.13658745370182468,0.8485008294466229,0.8590667336913801,0.8756233925075452,0.9776575572411864,0.9766131831215165,0.9794849499090184
FastSpin-LT-4-2,0.691470990199386,0.8655905870608483,0.870609671650845,0.8708687999249529,0.8681870252165673,0.870452077358395,0.863761052539538,0,0.0674301641859508,0.9723702916138309,0.9566093198995295,0.961234575440518,0.7269053605796211,0.7130635780950351,0.7202857373256143,0.8786140242174837,0.872677797530313,0.878138033287781,0.8713394433116439,0.8764848332684604,0.8621458712849484,0.09608855940752387,0.09615391177523429,0.10330792286673315,0.9794742361994859,0.9494057849367582,0.9795817884322727,0.7510924995963462,0.8756471634237653,0.8915099473653543,0.8841820654414089,0.8765751362164728,0.8787516226037565,0.8810635263118586,0.1425645769322485,0.14042035814199655,0.1290822168786279,0.9668023057801288,0.956657278399529,0.970266489327819,0.7320636243391352,0.723217718316009,0.7203830956916334,0.8765375630500329,0.8593050876074652,0.8672898160117904,0.8581161814761398,0.7452256869831393,0.07236639548579127,0.07577914968656099,0.08104477518743392,0.966922445700322,0.9598392425432575,0.9627780028815451,0.7358307950479958,0.7551411131591911,0.7238815236547694,0.8685839017781409,0.8729406537996803,0.8731867260191599,0.8655627563268757,0.8638938165863849,0.08961905486893734,0.07578492655864903,0.10235225552890338,0.9581853128487462,0.9585943791250593,0.9657441307660393
FastSpin-LT-4-3,0.6905661076919857,0.8612201027302198,0.8663835516016594,0.8658138674809305,0.8601124547328539,0.8634092755188573,0.8561110795299126,0.0674301641859508,0,0.9683134459935789,0.9535324339654309,0.9568026022548356,0.7236177578716116,0.7112805982986407,0.7182939145952113,0.8737116761240376,0.8687218771635288,0.8736211117421971,0.8632355561099038,0.8690972067798427,0.855473000905434,0.10293876916561265,0.0992594349801332,0.11075546544095832,0.9757173521473933,0.9446658325822378,0.9758720267868675,0.7489225867936987,0.8686394743818702,0.8871178040228875,0.8763798873650953,0.86969791708994,0.8696482156733892,0.8738467669799728,0.15077239639993542,0.14336654626494214,0.1289629125550046,0.9630244637611878,0.952750280049217,0.9685661000356185,0.7279967867455884,0.7196776443238827,0.7181925770279792,0.8690019613096994,0.854092547638459,0.8618120171176483,0.8506388454647972,0.7385375588907779,0.0769214934813367,0.08044860578898345,0.08769980558704424,0.9629365669644406,0.9563320643214778,0.9601854182952112,0.7332425691951363,0.755398123048055,0.7241072968435843,0.8629679380538581,0.8677073874521175,0.8668890939505528,0.8570297040466603,0.856738343086296,0.09292966959956236,0.07983900133136473,0.11191442270997616,0.9542720882604206,0.9563641977337101,0.9622315161213342
FastSpin-LT-5-1,0.9766806102654976,0.9842948556426849,0.9881433545270145,0.9855168250040615,0.9858862021054005,0.9836595594740984,0.9817028684171816,0.9723702916138309,0.9683134459935789,0,0.09394449001699247,0.08608617011293318,0.9745292772389813,0.9759844993347572,0.9784377191239378,0.9879090246848379,0.9843865398605145,0.9862783234240586,0.9856843184464574,0.987020960014176,0.9861918746555878,0.9675675477660515,0.9678779560630826,0.9683436172908391,0.1363615092247675,0.12995924709230677,0.1130091035275379,0.9830000358137563,0.9852749227872617,0.9900716078929984,0.9877420682606857,0.9909431162544916,0.988482986585217,0.9887075040877972,0.9745081873782042,0.9729366921705778,0.9712124108850354,0.21705905406987092,0.18046271426714783,0.17466528880140458,0.9811864539865525,0.9740676229531576,0.9765267204652092,0.9898454457305563,0.9826800644837423,0.9851288804847017,0.9811779647122898,0.9809973101924521,0.972534407726374,0.9722462163009457,0.9697480243734095,0.13707166033163404,0.1576857104879297,0.1634542600566793,0.9775472555400534,0.9780350962645963,0.9771329377078912,0.9885304422919112,0.988195765334582,0.9850354719947023,0.9806071871221673,0.9832465183348228,0.9735005714216963,0.9734706337927482,0.9702714419911125,0.12367293650823476,0.13102521218298005,0.119336910096802
FastSpin-LT-5-2,0.9707161915773518,0.9791674061844179,0.9799948146953384,0.978206083719016,0.9794479854759499,0.9753824427070484,0.9745761455579116,0.9566093198995295,0.9535324339654309,0.09394449001699247,0,0.07095442908786789,0.973472645926797,0.9720118100876118,0.9773898133304805,0.9831743693563598,0.9815078071129136,0.9829553845769673,0.9787210758834489,0.9797552736076836,0.9758930271424056,0.9550439779498067,0.9526088779061922,0.9530624262547558,0.12198123712946529,0.1298774037623228,0.1003638130053302,0.9812183139301567,0.976726266606607,0.9838723971816264,0.9824790896552111,0.9808707535374507,0.9791866958183554,0.98352440430015,0.9572099296214102,0.9574990312460452,0.9535836853314409,0.19704001019742573,0.16400454261098854,0.16526521108505127,0.9764278985484389,0.9723723911324258,0.9766583286155186,0.9853587788332355,0.9757423572330414,0.9799465154691558,0.9737691541075029,0.9699937934465777,0.9582664404917155,0.9581845173435635,0.955005811412209,0.1346386083533662,0.15591634211759958,0.15083051087914354,0.9775851095528502,0.979434916560504,0.9769883536616286,0.9800454004935074,0.9830521905003078,0.9800339086931498,0.9767306176042068,0.9745053857623669,0.9584040914156644,0.9562586441810581,0.9540352441819193,0.10871556673742698,0.11475156072392308,0.10636038451434199
FastSpin-LT-5-3,0.9718316355240626,0.9804711173335694,0.9828394382894087,0.9841535155937616,0.984667344146772,0.9802426933925273,0.9792783640118052,0.961234575440518,0.9568026022548356,0.08608617011293318,0.07095442908786789,0,0.9736903533961732,0.9721930474669389,0.9769559027821544,0.984507075093171,0.983482539560284,0.9858091003018526,0.9848391141144279,0.985689236650591,0.9820461986017855,0.9575736056948193,0.9573738108563509,0.9573176258787568,0.13161765973943176,0.12278655056282595,0.102335682148569,0.9835926406914842,0.9813644849506781,0.9908673987928818,0.9867270387286147,0.987424870908246,0.9863004793198223,0.9878611946588193,0.9610158260394611,0.9639027619125299,0.9582193374251478,0.21027649930967557,0.17254157060132233,0.1704816156259457,0.9794283588854792,0.9725859184359532,0.9767780056834855,0.9891672444611413,0.9805315829847355,0.9812216202518564,0.9781198755344845,0.9759479440747644,0.9600437685580853,0.9611438092773644,0.9580432612256732,0.11837383830089866,0.13468883125785716,0.14852350683949592,0.9781464540805026,0.9782566635011114,0.9742621884363811,0.985356699507434,0.9857599308204795,0.9840885924313146,0.9820942491784177,0.9791567188372957,0.9637104428117964,0.9600018277775261,0.9608360553906418,0.09737248083987161,0.10777342892566302,0.09657715275034844
PowerSoil-LT-1-1,0.18617833489607707,0.4191686144742059,0.425444716666714,0.4223701057000411,0.44766317199379335,0.4491783588045731,0.4326403122450889,0.7269053605796211,0.7236177578716116,0.9745292772389813,0.973472645926797,0.9736903533961732,0,0.13827397480302592,0.1359967946042045,0.43148337209205245,0.43331554345111595,0.42331417091236656,0.46638457208846107,0.4881816211342739,0.46027349971390535,0.7206186462965108,0.7187808295611243,0.7322037862962882,0.9832184513346285,0.9635396876013275,0.9801130016500584,0.21392318692656062,0.4889386116446058,0.5033247480355927,0.4977147166647044,0.5100206537516254,0.5077548185375721,0.5133532381728768,0.738296071845515,0.7492278736334285,0.730753684833543,0.9861084711298747,0.9769542330420884,0.98310534563821,0.2010349775293815,0.1930495863342329,0.17794687688491517,0.44672992373244924,0.42756421891879925,0.4339828131392712,0.4397418699767304,0.41327190102019445,0.7182838482267598,0.7080447166834368,0.7161489319078973,0.9764775526978666,0.9671159495938768,0.9665018924683989,0.2049189201144797,0.2085523241166013,0.18161242985283543,0.44351668764304775,0.4478449551050073,0.4482466041423295,0.4516379618537607,0.448018683544927,0.7273317407322598,0.7354729317766944,0.7538663805873639,0.9711115037172328,0.9686733253679223,0.9729406310316114
PowerSoil-LT-1-2,0.18098138916318704,0.41998282182364854,0.4202245159191135,0.41981808017753314,0.4433898074877563,0.44643845397394294,0.4352374996867323,0.7130635780950351,0.7112805982986407,0.9759844993347572,0.9720118100876118,0.9721930474669389,0.13827397480302592,0,0.127986534369749,0.4276529375022812,0.4306855745005813,0.4240034765972386,0.46614462054672395,0.4871226594733274,0.46118096235764816,0.7098309928252917,0.7088028818287097,0.7189599247539743,0.982741315995047,0.9662670825003721,0.9814354958329331,0.21007087337439934,0.486176071262187,0.5029967571124614,0.49691888257732814,0.5104861632613167,0.5044248443487792,0.5141390851987443,0.7260501642831491,0.7381903559239286,0.7207726113913521,0.9862747468264907,0.9773381168747288,0.9828957788062157,0.1806469650461798,0.17796043060102612,0.1725757469612634,0.44074787867109927,0.42298319609462864,0.4285716793801276,0.433891717144009,0.40050262221199173,0.7055766248338735,0.6936233920309649,0.7050903331820785,0.9743740844614498,0.9683389637578529,0.9633722416484529,0.18399513284120994,0.20752940804947745,0.1685342821712857,0.44044038978569894,0.4405285500411709,0.4461253379823129,0.4495296380561278,0.44483925165691657,0.7127292964581391,0.7213485258489412,0.738861927123409,0.9682262139960485,0.969199927577466,0.9717250069036211
PowerSoil-LT-1-3,0.18383293784173027,0.4290789045004336,0.42934824073120115,0.42841803951986396,0.4452903672243553,0.44960004350576943,0.43874852419819377,0.7202857373256143,0.7182939145952113,0.9784377191239378,0.9773898133304805,0.9769559027821544,0.1359967946042045,0.127986534369749,0,0.43450348235346,0.430664194264594,0.42811622410422073,0.4700247920565529,0.48802394682838,0.4598550575060207,0.7116546626883031,0.7120102885191976,0.7267968439511486,0.9838601708627989,0.9667360085819768,0.9824276042736586,0.2039963739961356,0.4835163705602598,0.4934797920119223,0.4886429426436301,0.5084392032897735,0.5024640888738459,0.5116262414687154,0.7302817660981608,0.7432927699688765,0.7260322484446999,0.9883555487778836,0.9811235261121687,0.9861496149526967,0.18621865368648993,0.19752393894120038,0.18996555617602026,0.45708783127543706,0.4370930292690465,0.4435110032566246,0.43927500088275895,0.4165596534441964,0.7119036968548375,0.7003542903259671,0.7120962023961692,0.9805554287013653,0.9698970236341277,0.9677580085494499,0.20967197036568533,0.22250058590554886,0.18138866106402796,0.45328164916907554,0.4578251316866616,0.4635684888828045,0.4573441306074812,0.4542305414399395,0.7214386345996515,0.7291921551460154,0.7481758516383479,0.9727817819370085,0.9717273525597843,0.9766118352776137
PowerSoil-LT-2-1,0.4981352918046461,0.10593061777354314,0.10447356961324586,0.09964053707919703,0.19805878526185958,0.18098144052141055,0.1795282657407558,0.8786140242174837,0.8737116761240376,0.9879090246848379,0.9831743693563598,0.984507075093171,0.43148337209205245,0.4276529375022812,0.43450348235346,0,0.08394572095358147,0.07724812606935594,0.19753943340620353,0.21740041177729277,0.2000410245076987,0.8685808144701188,0.8671301680177672,0.8764045526029294,0.9894245257466117,0.9865543739001628,0.9917295824357021,0.47464586420511307,0.18652683172017764,0.17332446141402127,0.17887646956239872,0.2431310541071987,0.2531210331959942,0.22953577683406887,0.8816881353515471,0.8876513811037106,0.870387038125792,0.9854556131863332,0.9817154908279567,0.9862674255199074,0.4727817375417136,0.4735029538884485,0.46038226921474845,0.15260193035173825,0.14850231334912672,0.12544586934633373,0.19344123632002896,0.24186394841793835,0.868184911184633,0.8563857637467748,0.868917455784183,0.9906243356071699,0.9876115288033616,0.9807859209931207,0.47416445281982844,0.47513709838874524,0.44914491961331926,0.1571368922174617,0.17117810342679884,0.15636167036530585,0.22267836188581305,0.20599403980030334,0.8643161202028511,0.8739544283807308,0.8888741767073554,0.9816273876979812,0.9769794521563773,0.9868089924765464
PowerSoil-LT-2-2,0.5009642783971955,0.1305595672520155,0.12813992782516062,0.12446274609973744,0.20670743757400384,0.18424276642180087,0.17812295072292897,0.872677797530313,0.8687218771635288,0.9843865398605145,0.9815078071129136,0.983482539560284,0.43331554345111595,0.4306855745005813,0.430664194264594,0.08394572095358147,0,0.08604575137739157,0.1908895129775142,0.20711333623436823,0.18862589135280558,0.8630730898965953,0.8608992043760768,0.8706637656763039,0.9877751586630922,0.9813874939081646,0.9902246551705703,0.471672270873431,0.16697886222461103,0.15094735166855056,0.15754883096858854,0.22982587637776308,0.2415568363246232,0.21953727203226592,0.8760877931194179,0.882177565803725,0.8660783933179973,0.9829531079180405,0.9792373178558935,0.9839974950254436,0.4837932066604354,0.4882650215674783,0.47476779465265656,0.18101881785060214,0.18033284726142237,0.15470147576592067,0.2038023547684325,0.24482738962260903,0.8614027982339616,0.8498991183005405,0.8638114204381837,0.9888590226208405,0.9844153342522928,0.9811372800758452,0.4885134320706556,0.496076282180275,0.46497798377855193,0.1836010968789263,0.19902196403476044,0.18974395529790208,0.2378407923431762,0.21780416446209225,0.8580276674878208,0.8700368542257567,0.884238589817524,0.978731748397997,0.9791458966932787,0.9812852032452356
PowerSoil-LT-2-3,0.4937914794969662,0.11738742378365752,0.11222258640855019,0.10328835199712201,0.2026606410953041,0.1901652763600928,0.1918055887420775,0.878138033287781,0.8736211117421971,0.9862783234240586,0.9829553845769673,0.9858091003018526,0.42331417091236656,0.4240034765972386,0.42811622410422073,0.07724812606935594,0.08604575137739157,0,0.2005328500407632,0.22063674008111267,0.20017706935894075,0.8678441676975407,0.8645552597593922,0.8758544326816896,0.9879450118600621,0.9837464945935103,0.9928765552761345,0.47173331889314085,0.18893409516460893,0.1734082195258792,0.1876745406282719,0.25294495263434963,0.26219030235925783,0.23513806698547557,0.8805756474881955,0.8859904025399395,0.8692509402878257,0.9863307892679115,0.9844559744154793,0.98745552509728,0.4682158572617615,0.4690648431699906,0.4526474145507893,0.15627166043804772,0.1555629576186685,0.12740720763349753,0.19976765413900957,0.24438525580472883,0.8661857581629,0.8540741722103518,0.8683805062035688,0.9890383960078183,0.987234334669304,0.9802107409511966,0.4730858006988914,0.47548792703738013,0.4446004017122585,0.15663374444066402,0.17518453820230603,0.16147666241961453,0.22954575456310666,0.2143429015823272,0.8615293397148768,0.8733058720802838,0.8875008984392558,0.9802367155782576,0.9790844122962207,0.983376508890118
PowerSoil-LT-3-1,0.5262886116364048,0.23275351673537906,0.23674603571409483,0.22372481191004653,0.12667976490714636,0.11167246930102102,0.12151245261302561,0.8713394433116439,0.8632355561099038,0.9856843184464574,0.9787210758834489,0.9848391141144279,0.46638457208846107,0.46614462054672395,0.4700247920565529,0.19753943340620353,0.1908895129775142,0.2005328500407632,0,0.10744723101236434,0.09142609788951553,0.8604554678875467,0.8536234913999909,0.8655554473193671,0.9897983225915046,0.9858159915146012,0.9915866635289883,0.5043740131128498,0.25683635927761006,0.23726215312332466,0.25096236050797394,0.1397380928497551,0.14495397726051157,0.11898648769208722,0.8690917462398038,0.8735374328670487,0.8583946210103264,0.9809637658575896,0.9788533938881123,0.9856296698520195,0.5187493587267865,0.5139770491890236,0.49225856956709496,0.24982777724084845,0.2485744335345609,0.24585648410918906,0.1313957130579422,0.18491980704712416,0.8601073681841783,0.8475960019570379,0.8610246508768682,0.9891672642932332,0.9856630246248724,0.9820045675739059,0.5115872990645891,0.5084669678343409,0.4951737174818407,0.25363223827504877,0.2707217958779454,0.260653354140476,0.14827515321821674,0.14698492498950144,0.855429085268269,0.8668771727171555,0.8821914251557419,0.979597557801689,0.9753588839952936,0.982897394794783
PowerSoil-LT-3-2,0.5493659484621893,0.2571233144138015,0.259445611712709,0.24785205492261395,0.1441508094542947,0.12513520760240532,0.13019775511660484,0.8764848332684604,0.8690972067798427,0.987020960014176,0.9797552736076836,0.985689236650591,0.4881816211342739,0.4871226594733274,0.48802394682838,0.21740041177729277,0.20711333623436823,0.22063674008111267,0.10744723101236434,0,0.0956189187432864,0.8670925297366614,0.8621937303032736,0.8752220125624244,0.989216631365722,0.9872714115368278,0.9915703148330862,0.5138093517307174,0.2517058560773074,0.223774738413133,0.2504492486152031,0.12092397851104715,0.12664835486703782,0.10437686022278173,0.8757205526727612,0.8812002902683957,0.865922638579444,0.9821471024049041,0.9798310770364784,0.9863536280289246,0.5440322595429582,0.5393221766100205,0.5218343879055258,0.27519891902024074,0.27843715103040695,0.27188229349090115,0.16142428889528493,0.21176703557164087,0.867806460482806,0.8558427916123084,0.8685063971812411,0.9885799530619883,0.9876199634824289,0.9790784297035433,0.5350478877815593,0.5412646330498084,0.5225759123596555,0.2853538059736087,0.2957157330832084,0.2903371612294866,0.1815397601294336,0.17925111977353722,0.8623017085213961,0.8735554637956625,0.891842874066988,0.9811333347520323,0.9773651190566226,0.9874186981377835
PowerSoil-LT-3-3,0.5171851117270413,0.24320700526885838,0.2416668455072239,0.22767654473455715,0.13577563630836062,0.11149133862865926,0.12371665726558125,0.8621458712849484,0.855473000905434,0.9861918746555878,0.9758930271424056,0.9820461986017855,0.46027349971390535,0.46118096235764816,0.4598550575060207,0.2000410245076987,0.18862589135280558,0.20017706935894075,0.09142609788951553,0.0956189187432864,0,0.852050443869175,0.8463387222079529,0.8601901669818369,0.9900410552156571,0.983084800756451,0.9916840052785074,0.4910320936660446,0.2456529882711235,0.23092120351915912,0.24533602824372458,0.11792046924167525,0.13459033191384448,0.11098072662683839,0.8595619737949036,0.8652494096810608,0.8504405599210325,0.9832647982970613,0.9771129538642924,0.9846935073943706,0.5143506226919855,0.5115791749111714,0.49084058612315473,0.2636837433422294,0.2614521655204536,0.25164133090505064,0.14710225343227165,0.19418920638593856,0.8529514462320129,0.8400471143082332,0.8536729691968991,0.987731482953601,0.9814262299239703,0.980156092815268,0.5138521403106574,0.5103942779500668,0.49249708535170256,0.27059651485723135,0.28111265260805346,0.2767890905319638,0.17272014268593977,0.16821094025621947,0.8471862204830588,0.8568244622640575,0.8714808595905271,0.9777886832945989,0.9749011019522354,0.979479079007621
PowerSoil-LT-4-1,0.6870420041958705,0.8560579739793788,0.8627774573305326,0.861989348746493,0.8595464109942095,0.8602641116612834,0.8535961987740991,0.09608855940752387,0.10293876916561265,0.9675675477660515,0.9550439779498067,0.9575736056948193,0.7206186462965108,0.7098309928252917,0.7116546626883031,0.8685808144701188,0.8630730898965953,0.8678441676975407,0.8604554678875467,0.8670925297366614,0.852050443869175,0,0.0735660178858578,0.09165600632494023,0.9766675286385746,0.9466094697745613,0.9782562353472369,0.7466052481001375,0.8660878656926879,0.8827199428653715,0.8760601895177503,0.8670937038975511,0.8681591266485238,0.8711788236226484,0.11526878655710766,0.10815909024057044,0.1010385814726129,0.965100465364276,0.9536070726708219,0.9693619831849098,0.7255858517476316,0.7173119623111031,0.7172656579024718,0.8675794773119299,0.8492791742306328,0.8584195499586046,0.8475769941327566,0.7349707214871523,0.11282198925652831,0.11679359665157048,0.12308433810861127,0.9647519451680635,0.9569300393950658,0.9575693888694401,0.7334418489166867,0.7515686381650959,0.7182796917742617,0.8597459812990292,0.8640710389629654,0.8645154317603191,0.8561986352278601,0.8542994582429185,0.13022547035799026,0.10829877174401294,0.14213081783965814,0.9556596621530707,0.9572695561801439,0.9628071038917916
PowerSoil-LT-4-2,0.6860310104628022,0.8547840165698796,0.859823357188964,0.8588597425830395,0.849846880322927,0.8557816550859583,0.8460743985823386,0.09615391177523429,0.0992594349801332,0.9678779560630826,0.9526088779061922,0.9573738108563509,0.7187808295611243,0.7088028818287097,0.7120102885191976,0.8671301680177672,0.8608992043760768,0.8645552597593922,0.8536234913999909,0.8621937303032736,0.8463387222079529,0.0735660178858578,0,0.09017280611533808,0.975802068669056,0.9434913300804535,0.975372269280849,0.7483931501548055,0.8629966860116558,0.8806470866605799,0.8712149661858174,0.861865321861891,0.861821717848872,0.8658145734607572,0.11511155879241182,0.11332830079204856,0.10692604498072403,0.9629519367293141,0.9527858474806532,0.9685355641491914,0.724478368465645,0.7155614378361175,0.7182231014402501,0.8668826869196692,0.8490586592278158,0.8557784361803695,0.8429642140078064,0.7284652394189507,0.11304550967674148,0.11768468488096553,0.12148049245806486,0.9608183197134131,0.9580159938768185,0.9564744170751308,0.7300518297967296,0.7528000826709531,0.7184949654093814,0.8573506526994971,0.8596562163883393,0.8600879113478491,0.847801431889151,0.8474710641585195,0.1296386577989945,0.10305573009195201,0.1344951231043707,0.9550900087182517,0.9550353605371671,0.9598792676407615
PowerSoil-LT-4-3,0.6969631599700522,0.8639208182794305,0.8711415521286168,0.870313641333215,0.8623935415360574,0.8658121918309886,0.8574891718429039,0.10330792286673315,0.11075546544095832,0.9683436172908391,0.9530624262547558,0.9573176258787568,0.7322037862962882,0.7189599247539743,0.7267968439511486,0.8764045526029294,0.8706637656763039,0.8758544326816896,0.8655554473193671,0.8752220125624244,0.8601901669818369,0.09165600632494023,0.09017280611533808,0,0.9759942744625476,0.9462194277162785,0.9760855008891931,0.7589384374111612,0.8748120402270869,0.8914998004898167,0.8831352320812604,0.8741166156347008,0.8726930312022466,0.8769672698180764,0.11940760641618245,0.11893113371913146,0.10934060306779676,0.9651005577772622,0.9541511775397107,0.9678934502410157,0.7378263481929312,0.726977912141504,0.725427671965563,0.8776497589491955,0.8577920406054815,0.8666728975348593,0.8542501070869121,0.740123099115612,0.12153251071152857,0.12121961338866125,0.12730718394548876,0.964152479986521,0.9573702151221288,0.9589831645503685,0.7395624601147422,0.7614770077527695,0.7290241552305234,0.8663527354494965,0.8727054440153991,0.8704006201393805,0.8600676113133623,0.8585220315993805,0.13652311423048596,0.11094942818595335,0.14042187385579216,0.954282197555784,0.9554123086253802,0.9622721050338159
PowerSoil-LT-5-1,0.9804042265848701,0.9870550341533981,0.987096377012493,0.9871443573200703,0.988841804697787,0.9877846834029461,0.9885976796718917,0.9794742361994859,0.9757173521473933,0.1363615092247675,0.12198123712946529,0.13161765973943176,0.9832184513346285,0.982741315995047,0.9838601708627989,0.9894245257466117,0.9877751586630922,0.9879450118600621,0.9897983225915046,0.989216631365722,0.9900410552156571,0.9766675286385746,0.975802068669056,0.9759942744625476,0,0.14196547999130643,0.1152875095326409,0.9865850080469932,0.9853879213101515,0.9905703831096743,0.9912705937313726,0.9898576854642269,0.9896704928352528,0.9895503605607605,0.9823976966950592,0.9809704147648688,0.9763595400190128,0.21083707703273824,0.18463962762462693,0.1797700904500582,0.9857848493406971,0.9805688113958617,0.9852941897887763,0.9918425008296294,0.9878350134201141,0.9878482621689236,0.9862985608804358,0.9864201472175029,0.9791254566828154,0.9804523659837565,0.9773782560883015,0.18512522568862005,0.21031936255813674,0.19503492623810767,0.9832444306519703,0.9863767140116981,0.9821261853147327,0.9885377636857149,0.9893300962045133,0.9892282028504643,0.9882784980303667,0.9862985235839732,0.98222793711535,0.9802747485401394,0.9785157899333904,0.16160194711559495,0.15833201197338354,0.1614057745106772
PowerSoil-LT-5-2,0.9628757191679547,0.9828878602948321,0.9846026611986255,0.983010146442982,0.9872613635833423,0.9862475943631265,0.9850965001863854,0.9494057849367582,0.9446658325822378,0.12995924709230677,0.1298774037623228,0.12278655056282595,0.9635396876013275,0.9662670825003721,0.9667360085819768,0.9865543739001628,0.9813874939081646,0.9837464945935103,0.9858159915146012,0.9872714115368278,0.983084800756451,0.9466094697745613,0.9434913300804535,0.9462194277162785,0.14196547999130643,0,0.09046290288265943,0.9718706283625712,0.98074026928752,0.9889855625308512,0.9846018263211577,0.9864735973140278,0.9868986286038973,0.986200261153275,0.9493624738768826,0.9499664134616035,0.9461732082872029,0.1898658747296007,0.15352749770569776,0.14717683336001935,0.9677873115451404,0.962593006853705,0.9680040780981197,0.9842411779562992,0.981612366861617,0.9833770612752096,0.9823703187068704,0.9646685162160812,0.9478180198236725,0.9489740012109796,0.945728174899669,0.18350547114675247,0.20213484911324148,0.21319140055604696,0.9678716238751129,0.9724838178532457,0.9649880141082339,0.9852240310002263,0.9836642534500908,0.9841669177522886,0.9848852125516685,0.9850910557800718,0.950063306210452,0.9478504629345856,0.9470297657662066,0.17566089943629384,0.18359889610656968,0.16770169061797527
PowerSoil-LT-5-3,0.979165183726347,0.9894174821441246,0.9896089958455523,0.9895035754489532,0.9925067291013324,0.9909874853494041,0.9902425457830957,0.9795817884322727,0.9758720267868675,0.1130091035275379,0.1003638130053302,0.102335682148569,0.9801130016500584,0.9814354958329331,0.9824276042736586,0.9917295824357021,0.9902246551705703,0.9928765552761345,0.9915866635289883,0.9915703148330862,0.9916840052785074,0.9782562353472369,0.975372269280849,0.9760855008891931,0.1152875095326409,0.09046290288265943,0,0.9862238769152932,0.9882926632640288,0.9934045808408221,0.9927131097819599,0.9918587984412611,0.9906801021305534,0.9909002579879607,0.98081415517599,0.9803394847504266,0.9761231370111488,0.1877900265136034,0.1503983347381534,0.1464932742541266,0.9860703091395684,0.9797380945150915,0.9838205832117614,0.994849991902674,0.9903295579962292,0.9902087536678965,0.9886568947635667,0.9862865564254232,0.9784071062464522,0.9804424684923644,0.9766140109990736,0.163383031741685,0.1824588728874119,0.1886583801280513,0.9802424520756895,0.9854242651001005,0.9827848420460632,0.9908876588654787,0.9920820836446906,0.9903678386588417,0.9908904134722606,0.9901362307722955,0.9815909244693695,0.9795232985922303,0.9778074833702891,0.1478728711817315,0.15646433546864696,0.14222332831525064
ZymoMagbead-HT-1-2,0.27458462673990897,0.4775749464041536,0.4796040929042123,0.4739534943782732,0.49261733291148646,0.48906971567518487,0.4750898727090563,0.7510924995963462,0.7489225867936987,0.9830000358137563,0.9812183139301567,0.9835926406914842,0.21392318692656062,0.21007087337439934,0.2039963739961356,0.47464586420511307,0.471672270873431,0.47173331889314085,0.5043740131128498,0.5138093517307174,0.4910320936660446,0.7466052481001375,0.7483931501548055,0.7589384374111612,0.9865850080469932,0.9718706283625712,0.9862238769152932,0,0.4802008469305436,0.4953783330485794,0.4874010823847251,0.5059765855187575,0.5060236555823483,0.5187156809944067,0.7558745196985631,0.7730646184474955,0.7559720066478106,0.9879001896562007,0.9819806591546817,0.9883881753436792,0.2664297723804827,0.26438106310465864,0.26068198288769345,0.5012389987237797,0.4835195183476982,0.49041404174527586,0.48569052518838235,0.4605764268733381,0.7438208693069606,0.7324223736187417,0.7447131252263086,0.9915037619098024,0.9767626034310767,0.9723389602483808,0.24789445800611157,0.26351796246143844,0.25470516575447805,0.49149525171731634,0.5001320112905792,0.5032552387383171,0.497039942026811,0.4980889218486502,0.7490437893676748,0.7582822468200843,0.77900155069651,0.9801713312691411,0.975280180069783,0.9803322735425174
ZymoMagbead-HT-2-1,0.5471756979645993,0.2208492241493168,0.22069215572767054,0.21741374398759358,0.28291568437329007,0.2518568895345509,0.24452957944906178,0.8756471634237653,0.8686394743818702,0.9852749227872617,0.976726266606607,0.9813644849506781,0.4889386116446058,0.486176071262187,0.4835163705602598,0.18652683172017764,0.16697886222461103,0.18893409516460893,0.25683635927761006,0.2517058560773074,0.2456529882711235,0.8660878656926879,0.8629966860116558,0.8748120402270869,0.9853879213101515,0.98074026928752,0.9882926632640288,0.4802008469305436,0,0.13202737935707404,0.13228047214553953,0.23797826631351007,0.23916843405362184,0.2511053894697609,0.8751233842411822,0.883372114253584,0.8670590817552829,0.9809190001371286,0.9780050414379013,0.9839444011225452,0.5330056045135545,0.535614660975752,0.532623049202692,0.2601807939621307,0.26750078436630637,0.2342336359839619,0.28558336459411154,0.31696546884669974,0.8656540916859417,0.8545838441196513,0.868595541185099,0.9872141474672529,0.9808353154995924,0.9804382891982047,0.5349381644912582,0.5542144008151177,0.5221018932974171,0.2576797805784805,0.2769014476749469,0.26820283293104574,0.32051572733228917,0.30115548725390495,0.8604390547503472,0.8709584178441652,0.8872865285122096,0.9778409536882945,0.9762250042514741,0.9810853366736317
